# Vertices
-0.275775, 3.636813, -0.039557, 0.000000, 14.000000,
-0.523275, 3.769289, 0.000000, 0.000000, 14.000000,
-0.268233, 3.753692, 0.245197, 0.000000, 14.000000,
-0.268233, 3.753692, 0.245197, 0.000000, 14.000000,
-0.523275, 3.769289, 0.000000, 0.000000, 14.000000,
-0.459226, 4.120525, 0.243552, 0.000000, 14.000000,
-0.114693, 3.819494, -0.085313, 0.000000, 14.000000,
-0.071152, 4.104879, -0.039557, 0.000000, 14.000000,
-0.271798, 4.104879, -0.311119, 0.000000, 14.000000,
-0.319523, 3.819493, -0.272676, 0.000000, 14.000000,
-0.271798, 4.104879, -0.311119, 0.000000, 14.000000,
-0.532795, 4.119069, -0.159192, 0.000000, 14.000000,
-0.268233, 3.753692, 0.245197, 0.000000, 14.000000,
-0.459226, 4.120525, 0.243552, 0.000000, 14.000000,
-0.212543, 4.104879, 0.286671, 0.000000, 14.000000,
-0.268233, 3.753692, 0.245197, 0.000000, 14.000000,
-0.212543, 4.104879, 0.286671, 0.000000, 14.000000,
-0.071152, 4.104879, -0.039557, 0.000000, 14.000000,
-0.271798, 4.104879, -0.311119, 0.000000, 14.000000,
-0.071152, 4.104879, -0.039557, 0.000000, 14.000000,
-0.237093, 4.323521, -0.075244, 0.000000, 14.000000,
-0.532795, 4.119069, -0.159192, 0.000000, 14.000000,
-0.271798, 4.104879, -0.311119, 0.000000, 14.000000,
-0.361530, 4.358590, 0.039557, 0.000000, 14.000000,
-0.459226, 4.120525, 0.243552, 0.000000, 14.000000,
-0.532795, 4.119069, -0.159192, 0.000000, 14.000000,
-0.361530, 4.358590, 0.039557, 0.000000, 14.000000,
-0.212543, 4.104879, 0.286671, 0.000000, 14.000000,
-0.459226, 4.120525, 0.243552, 0.000000, 14.000000,
-0.361530, 4.358590, 0.039557, 0.000000, 14.000000,
-0.071152, 4.104879, -0.039557, 0.000000, 14.000000,
-0.212543, 4.104879, 0.286671, 0.000000, 14.000000,
-0.237093, 4.323521, -0.075244, 0.000000, 14.000000,
-0.237093, 4.323521, -0.075244, 0.000000, 14.000000,
-0.212543, 4.104879, 0.286671, 0.000000, 14.000000,
-0.361530, 4.358590, 0.039557, 0.000000, 14.000000,
-0.361530, 4.358590, 0.039557, 0.000000, 14.000000,
-0.271798, 4.104879, -0.311119, 0.000000, 14.000000,
-0.237093, 4.323521, -0.075244, 0.000000, 14.000000,
-0.569875, 3.979469, 0.000000, 0.000000, 14.000000,
-0.532795, 4.119069, -0.159192, 0.000000, 14.000000,
-0.459226, 4.120525, 0.243552, 0.000000, 14.000000,
-0.459226, 4.120525, 0.243552, 0.000000, 14.000000,
-0.523275, 3.769289, 0.000000, 0.000000, 14.000000,
-0.569875, 3.979469, 0.000000, 0.000000, 14.000000,
-0.569875, 3.979469, 0.000000, 0.000000, 14.000000,
-0.523275, 3.769289, 0.000000, 0.000000, 14.000000,
-0.532795, 4.119069, -0.159192, 0.000000, 14.000000,
-0.523275, 3.769289, 0.000000, 0.000000, 14.000000,
-0.319523, 3.819493, -0.272676, 0.000000, 14.000000,
-0.532795, 4.119069, -0.159192, 0.000000, 14.000000,
-0.319523, 3.819493, -0.272676, 0.000000, 14.000000,
-0.114693, 3.819494, -0.085313, 0.000000, 14.000000,
-0.271798, 4.104879, -0.311119, 0.000000, 14.000000,
-0.114693, 3.819494, -0.085313, 0.000000, 14.000000,
-0.268233, 3.753692, 0.245197, 0.000000, 14.000000,
-0.071152, 4.104879, -0.039557, 0.000000, 14.000000,
-0.275775, 3.636813, -0.039557, 0.000000, 14.000000,
-0.319523, 3.819493, -0.272676, 0.000000, 14.000000,
-0.523275, 3.769289, 0.000000, 0.000000, 14.000000,
-0.114693, 3.819494, -0.085313, 0.000000, 14.000000,
-0.275775, 3.636813, -0.039557, 0.000000, 14.000000,
-0.268233, 3.753692, 0.245197, 0.000000, 14.000000,
-0.275775, 3.636813, -0.039557, 0.000000, 14.000000,
-0.114693, 3.819494, -0.085313, 0.000000, 14.000000,
-0.319523, 3.819493, -0.272676, 0.000000, 14.000000,
0.063033, 1.173664, 0.434376, 0.000000, 14.000000,
0.028487, 0.079809, 0.294064, 0.000000, 14.000000,
-0.060437, 0.083841, 0.509419, 0.000000, 14.000000,
-0.208944, 1.181484, 0.509419, 0.000000, 14.000000,
-0.060437, 0.083841, 0.509419, 0.000000, 14.000000,
-0.324258, 0.093366, 0.317504, 0.000000, 14.000000,
-0.208944, 1.181484, 0.509419, 0.000000, 14.000000,
0.063033, 1.173664, 0.434376, 0.000000, 14.000000,
-0.060437, 0.083841, 0.509419, 0.000000, 14.000000,
0.028487, 0.079809, 0.294064, 0.000000, 14.000000,
-0.012301, 1.176692, 0.216535, 0.000000, 14.000000,
-0.324258, 0.093366, 0.317504, 0.000000, 14.000000,
-0.012301, 1.176692, 0.216535, 0.000000, 14.000000,
-0.301002, 1.184130, 0.287712, 0.000000, 14.000000,
-0.324258, 0.093366, 0.317504, 0.000000, 14.000000,
-0.301002, 1.184130, 0.287712, 0.000000, 14.000000,
-0.208944, 1.181484, 0.509419, 0.000000, 14.000000,
-0.324258, 0.093366, 0.317504, 0.000000, 14.000000,
0.063033, 1.173664, -0.318133, 0.000000, 14.000000,
0.028487, 0.079809, -0.458445, 0.000000, 14.000000,
-0.060437, 0.083841, -0.243090, 0.000000, 14.000000,
-0.208944, 1.181484, -0.243090, 0.000000, 14.000000,
-0.060437, 0.083841, -0.243090, 0.000000, 14.000000,
-0.324258, 0.093366, -0.435005, 0.000000, 14.000000,
-0.208944, 1.181484, -0.243090, 0.000000, 14.000000,
0.063033, 1.173664, -0.318133, 0.000000, 14.000000,
-0.060437, 0.083841, -0.243090, 0.000000, 14.000000,
0.028487, 0.079809, -0.458445, 0.000000, 14.000000,
-0.012301, 1.176692, -0.535974, 0.000000, 14.000000,
-0.324258, 0.093366, -0.435005, 0.000000, 14.000000,
-0.012301, 1.176692, -0.535974, 0.000000, 14.000000,
-0.301002, 1.184130, -0.464797, 0.000000, 14.000000,
-0.324258, 0.093366, -0.435005, 0.000000, 14.000000,
-0.301002, 1.184130, -0.464797, 0.000000, 14.000000,
-0.208944, 1.181484, -0.243090, 0.000000, 14.000000,
-0.324258, 0.093366, -0.435005, 0.000000, 14.000000,
-0.116434, 1.972769, -0.281817, 0.000000, 14.000000,
0.018081, 1.147918, -0.477461, 0.000000, 14.000000,
-0.070326, 1.118411, -0.276584, 0.000000, 14.000000,
-0.473947, 1.926592, -0.432760, 0.000000, 14.000000,
-0.337430, 1.081089, -0.354939, 0.000000, 14.000000,
-0.247022, 1.113918, -0.574698, 0.000000, 14.000000,
-0.383538, 1.923180, -0.210589, 0.000000, 14.000000,
-0.070326, 1.118411, -0.276584, 0.000000, 14.000000,
-0.337430, 1.081089, -0.354939, 0.000000, 14.000000,
-0.383538, 1.923180, -0.210589, 0.000000, 14.000000,
-0.116434, 1.972769, -0.281817, 0.000000, 14.000000,
-0.070326, 1.118411, -0.276584, 0.000000, 14.000000,
-0.189699, 1.979709, -0.498175, 0.000000, 14.000000,
-0.473947, 1.926592, -0.432760, 0.000000, 14.000000,
-0.247022, 1.113918, -0.574698, 0.000000, 14.000000,
-0.473947, 1.926592, -0.432760, 0.000000, 14.000000,
-0.383538, 1.923180, -0.210589, 0.000000, 14.000000,
-0.337430, 1.081089, -0.354939, 0.000000, 14.000000,
-0.116434, 1.981542, 0.401008, 0.000000, 14.000000,
0.015673, 1.140655, 0.292542, 0.000000, 14.000000,
-0.070326, 1.132008, 0.491824, 0.000000, 14.000000,
0.015673, 1.140655, 0.292542, 0.000000, 14.000000,
-0.116434, 1.981542, 0.401008, 0.000000, 14.000000,
-0.206485, 1.963801, 0.184313, 0.000000, 14.000000,
-0.466248, 1.921659, 0.378746, 0.000000, 14.000000,
-0.337430, 1.087023, 0.417603, 0.000000, 14.000000,
-0.247022, 1.097666, 0.195660, 0.000000, 14.000000,
-0.466248, 1.921659, 0.378746, 0.000000, 14.000000,
-0.070326, 1.132008, 0.491824, 0.000000, 14.000000,
-0.337430, 1.087023, 0.417603, 0.000000, 14.000000,
-0.466248, 1.921659, 0.378746, 0.000000, 14.000000,
-0.116434, 1.981542, 0.401008, 0.000000, 14.000000,
-0.070326, 1.132008, 0.491824, 0.000000, 14.000000,
-0.206485, 1.963801, 0.184313, 0.000000, 14.000000,
-0.466248, 1.921659, 0.378746, 0.000000, 14.000000,
-0.247022, 1.097666, 0.195660, 0.000000, 14.000000,
-0.271616, 0.100287, -0.234617, 0.000000, 14.000000,
-0.271616, 0.059343, -0.525488, 0.000000, 14.000000,
0.271616, 0.100287, -0.525488, 0.000000, 14.000000,
-0.415824, 1.897290, 0.459415, 0.000000, 14.000000,
-0.140286, 1.905349, -0.227737, 0.000000, 14.000000,
-0.397318, 1.870105, -0.494824, 0.000000, 14.000000,
-0.008954, 3.367589, -0.314079, 0.000000, 14.000000,
-0.140286, 1.905349, -0.227737, 0.000000, 14.000000,
-0.100154, 1.943362, 0.294736, 0.000000, 14.000000,
-0.415824, 1.897290, 0.459415, 0.000000, 14.000000,
-0.397318, 1.870105, -0.494824, 0.000000, 14.000000,
-0.539751, 1.950771, 0.087667, 0.000000, 14.000000,
-0.343446, 2.125028, -0.589324, 0.000000, 14.000000,
-0.260952, 2.867300, -0.599560, 0.000000, 14.000000,
-0.440685, 3.330556, -0.668788, 0.000000, 14.000000,
-0.166698, 3.249009, -0.725056, 0.000000, 14.000000,
-0.008954, 3.367589, -0.314079, 0.000000, 14.000000,
-0.278169, 3.723618, -0.245367, 0.000000, 14.000000,
-0.571646, 3.219019, 0.475406, 0.000000, 14.000000,
-0.620552, 3.376468, 0.046413, 0.000000, 14.000000,
-0.477733, 3.709852, 0.201835, 0.000000, 14.000000,
-0.120342, 3.218487, 0.407049, 0.000000, 14.000000,
-0.445558, 3.188177, 0.630700, 0.000000, 14.000000,
-0.240450, 3.655305, 0.314252, 0.000000, 14.000000,
-0.240450, 3.655305, 0.314252, 0.000000, 14.000000,
-0.477733, 3.709852, 0.201835, 0.000000, 14.000000,
-0.278169, 3.723618, -0.245367, 0.000000, 14.000000,
-0.240450, 3.655305, 0.314252, 0.000000, 14.000000,
-0.445558, 3.188177, 0.630700, 0.000000, 14.000000,
-0.477733, 3.709852, 0.201835, 0.000000, 14.000000,
-0.445558, 3.188177, 0.630700, 0.000000, 14.000000,
-0.571646, 3.219019, 0.475406, 0.000000, 14.000000,
-0.477733, 3.709852, 0.201835, 0.000000, 14.000000,
-0.620552, 3.376468, 0.046413, 0.000000, 14.000000,
-0.440685, 3.330556, -0.668788, 0.000000, 14.000000,
-0.477733, 3.709852, 0.201835, 0.000000, 14.000000,
-0.477733, 3.709852, 0.201835, 0.000000, 14.000000,
-0.440685, 3.330556, -0.668788, 0.000000, 14.000000,
-0.278169, 3.723618, -0.245367, 0.000000, 14.000000,
-0.440685, 3.330556, -0.668788, 0.000000, 14.000000,
-0.166698, 3.249009, -0.725056, 0.000000, 14.000000,
-0.278169, 3.723618, -0.245367, 0.000000, 14.000000,
-0.278169, 3.723618, -0.245367, 0.000000, 14.000000,
-0.008954, 3.367589, -0.314079, 0.000000, 14.000000,
-0.240450, 3.655305, 0.314252, 0.000000, 14.000000,
-0.008954, 3.367589, -0.314079, 0.000000, 14.000000,
-0.120342, 3.218487, 0.407049, 0.000000, 14.000000,
-0.240450, 3.655305, 0.314252, 0.000000, 14.000000,
-0.571646, 3.219019, 0.475406, 0.000000, 14.000000,
-0.651743, 2.351869, 0.010813, 0.000000, 14.000000,
-0.620552, 3.376468, 0.046413, 0.000000, 14.000000,
-0.651743, 2.351869, 0.010813, 0.000000, 14.000000,
-0.440685, 3.330556, -0.668788, 0.000000, 14.000000,
-0.620552, 3.376468, 0.046413, 0.000000, 14.000000,
-0.260952, 2.867300, -0.599560, 0.000000, 14.000000,
-0.166698, 3.249009, -0.725056, 0.000000, 14.000000,
-0.440685, 3.330556, -0.668788, 0.000000, 14.000000,
-0.260952, 2.867300, -0.599560, 0.000000, 14.000000,
-0.008954, 3.367589, -0.314079, 0.000000, 14.000000,
-0.166698, 3.249009, -0.725056, 0.000000, 14.000000,
-0.120342, 3.218487, 0.407049, 0.000000, 14.000000,
-0.172138, 2.441549, 0.376431, 0.000000, 14.000000,
-0.445558, 3.188177, 0.630700, 0.000000, 14.000000,
-0.172138, 2.441549, 0.376431, 0.000000, 14.000000,
-0.424356, 2.438869, 0.484603, 0.000000, 14.000000,
-0.445558, 3.188177, 0.630700, 0.000000, 14.000000,
-0.445558, 3.188177, 0.630700, 0.000000, 14.000000,
-0.424356, 2.438869, 0.484603, 0.000000, 14.000000,
-0.571646, 3.219019, 0.475406, 0.000000, 14.000000,
-0.424356, 2.438869, 0.484603, 0.000000, 14.000000,
-0.651743, 2.351869, 0.010813, 0.000000, 14.000000,
-0.571646, 3.219019, 0.475406, 0.000000, 14.000000,
-0.651743, 2.351869, 0.010813, 0.000000, 14.000000,
-0.343446, 2.125028, -0.589324, 0.000000, 14.000000,
-0.440685, 3.330556, -0.668788, 0.000000, 14.000000,
-0.343446, 2.125028, -0.589324, 0.000000, 14.000000,
-0.008954, 3.367589, -0.314079, 0.000000, 14.000000,
-0.260952, 2.867300, -0.599560, 0.000000, 14.000000,
-0.008954, 3.367589, -0.314079, 0.000000, 14.000000,
-0.100154, 1.943362, 0.294736, 0.000000, 14.000000,
-0.120342, 3.218487, 0.407049, 0.000000, 14.000000,
-0.100154, 1.943362, 0.294736, 0.000000, 14.000000,
-0.172138, 2.441549, 0.376431, 0.000000, 14.000000,
-0.120342, 3.218487, 0.407049, 0.000000, 14.000000,
-0.100154, 1.943362, 0.294736, 0.000000, 14.000000,
-0.415824, 1.897290, 0.459415, 0.000000, 14.000000,
-0.172138, 2.441549, 0.376431, 0.000000, 14.000000,
-0.415824, 1.897290, 0.459415, 0.000000, 14.000000,
-0.424356, 2.438869, 0.484603, 0.000000, 14.000000,
-0.172138, 2.441549, 0.376431, 0.000000, 14.000000,
-0.415824, 1.897290, 0.459415, 0.000000, 14.000000,
-0.539751, 1.950771, 0.087667, 0.000000, 14.000000,
-0.424356, 2.438869, 0.484603, 0.000000, 14.000000,
-0.539751, 1.950771, 0.087667, 0.000000, 14.000000,
-0.651743, 2.351869, 0.010813, 0.000000, 14.000000,
-0.424356, 2.438869, 0.484603, 0.000000, 14.000000,
-0.539751, 1.950771, 0.087667, 0.000000, 14.000000,
-0.343446, 2.125028, -0.589324, 0.000000, 14.000000,
-0.651743, 2.351869, 0.010813, 0.000000, 14.000000,
-0.539751, 1.950771, 0.087667, 0.000000, 14.000000,
-0.397318, 1.870105, -0.494824, 0.000000, 14.000000,
-0.343446, 2.125028, -0.589324, 0.000000, 14.000000,
-0.140286, 1.905349, -0.227737, 0.000000, 14.000000,
-0.415824, 1.897290, 0.459415, 0.000000, 14.000000,
-0.100154, 1.943362, 0.294736, 0.000000, 14.000000,
-0.397318, 1.870105, -0.494824, 0.000000, 14.000000,
-0.140286, 1.905349, -0.227737, 0.000000, 14.000000,
-0.343446, 2.125028, -0.589324, 0.000000, 14.000000,
-0.140286, 1.905349, -0.227737, 0.000000, 14.000000,
-0.008954, 3.367589, -0.314079, 0.000000, 14.000000,
-0.343446, 2.125028, -0.589324, 0.000000, 14.000000,
-0.257678, 3.401243, -0.054307, 0.000000, 14.000000,
-0.317061, 3.089575, 0.474147, 0.000000, 14.000000,
-0.206843, 3.379879, 0.559141, 0.000000, 14.000000,
-0.317061, 3.089575, 0.474147, 0.000000, 14.000000,
-0.398995, 3.375443, -0.276308, 0.000000, 14.000000,
-0.557539, 3.098680, 0.397043, 0.000000, 14.000000,
-0.317061, 3.089575, 0.474147, 0.000000, 14.000000,
-0.557539, 3.098680, 0.397043, 0.000000, 14.000000,
-0.433365, 3.081565, 0.751047, 0.000000, 14.000000,
-0.317061, 3.089575, 0.474147, 0.000000, 14.000000,
-0.433365, 3.081565, 0.751047, 0.000000, 14.000000,
-0.296398, 3.523257, 0.781890, 0.000000, 14.000000,
-0.557539, 3.098680, 0.397043, 0.000000, 14.000000,
-0.537047, 3.504297, -0.111182, 0.000000, 14.000000,
-0.570790, 3.464847, 0.522943, 0.000000, 14.000000,
-0.317061, 3.089575, 0.474147, 0.000000, 14.000000,
-0.296398, 3.523257, 0.781890, 0.000000, 14.000000,
-0.206843, 3.379879, 0.559141, 0.000000, 14.000000,
-0.570790, 3.464847, 0.522943, 0.000000, 14.000000,
-0.537047, 3.504297, -0.111182, 0.000000, 14.000000,
-0.443881, 3.595645, 0.683563, 0.000000, 14.000000,
-0.443881, 3.595645, 0.683563, 0.000000, 14.000000,
-0.537047, 3.504297, -0.111182, 0.000000, 14.000000,
-0.335468, 3.554592, -0.008533, 0.000000, 14.000000,
-0.335468, 3.554592, -0.008533, 0.000000, 14.000000,
-0.296398, 3.523257, 0.781890, 0.000000, 14.000000,
-0.443881, 3.595645, 0.683563, 0.000000, 14.000000,
-0.571833, 3.305473, 0.852821, 0.000000, 14.000000,
-0.570790, 3.464847, 0.522943, 0.000000, 14.000000,
-0.443881, 3.595645, 0.683563, 0.000000, 14.000000,
-0.398995, 3.375443, -0.276308, 0.000000, 14.000000,
-0.335468, 3.554592, -0.008533, 0.000000, 14.000000,
-0.537047, 3.504297, -0.111182, 0.000000, 14.000000,
-0.257678, 3.401243, -0.054307, 0.000000, 14.000000,
-0.206843, 3.379879, 0.559141, 0.000000, 14.000000,
-0.335468, 3.554592, -0.008533, 0.000000, 14.000000,
-0.206843, 3.379879, 0.559141, 0.000000, 14.000000,
-0.296398, 3.523257, 0.781890, 0.000000, 14.000000,
-0.335468, 3.554592, -0.008533, 0.000000, 14.000000,
-0.296398, 3.523257, 0.781890, 0.000000, 14.000000,
-0.571833, 3.305473, 0.852821, 0.000000, 14.000000,
-0.443881, 3.595645, 0.683563, 0.000000, 14.000000,
-0.296398, 3.523257, 0.781890, 0.000000, 14.000000,
-0.433365, 3.081565, 0.751047, 0.000000, 14.000000,
-0.571833, 3.305473, 0.852821, 0.000000, 14.000000,
-0.571833, 3.305473, 0.852821, 0.000000, 14.000000,
-0.557539, 3.098680, 0.397043, 0.000000, 14.000000,
-0.570790, 3.464847, 0.522943, 0.000000, 14.000000,
-0.398995, 3.375443, -0.276308, 0.000000, 14.000000,
-0.257678, 3.401243, -0.054307, 0.000000, 14.000000,
-0.335468, 3.554592, -0.008533, 0.000000, 14.000000,
-0.433365, 3.081565, 0.751047, 0.000000, 14.000000,
-0.557539, 3.098680, 0.397043, 0.000000, 14.000000,
-0.571833, 3.305473, 0.852821, 0.000000, 14.000000,
-0.557539, 3.098680, 0.397043, 0.000000, 14.000000,
-0.398995, 3.375443, -0.276308, 0.000000, 14.000000,
-0.537047, 3.504297, -0.111182, 0.000000, 14.000000,
-0.317061, 3.089575, 0.474147, 0.000000, 14.000000,
-0.257678, 3.401243, -0.054307, 0.000000, 14.000000,
-0.398995, 3.375443, -0.276308, 0.000000, 14.000000,
-0.460143, 3.184416, -0.764274, 0.000000, 14.000000,
-0.548313, 3.534398, -0.211900, 0.000000, 14.000000,
-0.497426, 3.313535, 0.046483, 0.000000, 14.000000,
-0.219559, 3.115273, 0.051623, 0.000000, 14.000000,
-0.497426, 3.313535, 0.046483, 0.000000, 14.000000,
-0.372383, 3.297170, 0.041270, 0.000000, 14.000000,
-0.127869, 3.427689, -0.295066, 0.000000, 14.000000,
-0.372383, 3.297170, 0.041270, 0.000000, 14.000000,
-0.292754, 3.613204, 0.114106, 0.000000, 14.000000,
-0.292754, 3.613204, 0.114106, 0.000000, 14.000000,
-0.436133, 3.578412, 0.107467, 0.000000, 14.000000,
-0.548313, 3.534398, -0.211900, 0.000000, 14.000000,
-0.436133, 3.578412, 0.107467, 0.000000, 14.000000,
-0.372383, 3.297170, 0.041270, 0.000000, 14.000000,
-0.548313, 3.534398, -0.211900, 0.000000, 14.000000,
-0.372383, 3.297170, 0.041270, 0.000000, 14.000000,
-0.497426, 3.313535, 0.046483, 0.000000, 14.000000,
-0.548313, 3.534398, -0.211900, 0.000000, 14.000000,
-0.438194, 3.453636, -0.858709, 0.000000, 14.000000,
-0.292754, 3.613204, 0.114106, 0.000000, 14.000000,
-0.548313, 3.534398, -0.211900, 0.000000, 14.000000,
-0.438194, 3.453636, -0.858709, 0.000000, 14.000000,
-0.246808, 3.528703, -0.711946, 0.000000, 14.000000,
-0.292754, 3.613204, 0.114106, 0.000000, 14.000000,
-0.372383, 3.297170, 0.041270, 0.000000, 14.000000,
-0.436133, 3.578412, 0.107467, 0.000000, 14.000000,
-0.292754, 3.613204, 0.114106, 0.000000, 14.000000,
-0.295539, 3.335879, -1.030342, 0.000000, 14.000000,
-0.246808, 3.528703, -0.711946, 0.000000, 14.000000,
-0.438194, 3.453636, -0.858709, 0.000000, 14.000000,
-0.127869, 3.427689, -0.295066, 0.000000, 14.000000,
-0.292754, 3.613204, 0.114106, 0.000000, 14.000000,
-0.246808, 3.528703, -0.711946, 0.000000, 14.000000,
-0.548313, 3.534398, -0.211900, 0.000000, 14.000000,
-0.460143, 3.184416, -0.764274, 0.000000, 14.000000,
-0.438194, 3.453636, -0.858709, 0.000000, 14.000000,
-0.460143, 3.184416, -0.764274, 0.000000, 14.000000,
-0.295539, 3.335879, -1.030342, 0.000000, 14.000000,
-0.438194, 3.453636, -0.858709, 0.000000, 14.000000,
-0.295539, 3.335879, -1.030342, 0.000000, 14.000000,
-0.155450, 3.319713, -0.902723, 0.000000, 14.000000,
-0.246808, 3.528703, -0.711946, 0.000000, 14.000000,
-0.155450, 3.319713, -0.902723, 0.000000, 14.000000,
-0.127869, 3.427689, -0.295066, 0.000000, 14.000000,
-0.246808, 3.528703, -0.711946, 0.000000, 14.000000,
-0.219559, 3.115273, 0.051623, 0.000000, 14.000000,
-0.372383, 3.297170, 0.041270, 0.000000, 14.000000,
-0.127869, 3.427689, -0.295066, 0.000000, 14.000000,
-0.219559, 3.115273, 0.051623, 0.000000, 14.000000,
-0.295100, 3.091947, -0.339261, 0.000000, 14.000000,
-0.497426, 3.313535, 0.046483, 0.000000, 14.000000,
-0.295100, 3.091947, -0.339261, 0.000000, 14.000000,
-0.460143, 3.184416, -0.764274, 0.000000, 14.000000,
-0.497426, 3.313535, 0.046483, 0.000000, 14.000000,
-0.295100, 3.091947, -0.339261, 0.000000, 14.000000,
-0.295539, 3.335879, -1.030342, 0.000000, 14.000000,
-0.460143, 3.184416, -0.764274, 0.000000, 14.000000,
-0.127869, 3.427689, -0.295066, 0.000000, 14.000000,
-0.155450, 3.319713, -0.902723, 0.000000, 14.000000,
-0.219559, 3.115273, 0.051623, 0.000000, 14.000000,
-0.155450, 3.319713, -0.902723, 0.000000, 14.000000,
-0.295100, 3.091947, -0.339261, 0.000000, 14.000000,
-0.219559, 3.115273, 0.051623, 0.000000, 14.000000,
-0.295100, 3.091947, -0.339261, 0.000000, 14.000000,
-0.155450, 3.319713, -0.902723, 0.000000, 14.000000,
-0.295539, 3.335879, -1.030342, 0.000000, 14.000000,
-0.194058, 2.670376, -0.962110, 0.000000, 14.000000,
-0.200710, 2.447150, -0.747881, 0.000000, 14.000000,
-0.204943, 3.262935, -0.751495, 0.000000, 14.000000,
-0.401519, 2.465501, -0.940105, 0.000000, 14.000000,
-0.194058, 2.670376, -0.962110, 0.000000, 14.000000,
-0.406617, 3.117760, -0.967988, 0.000000, 14.000000,
-0.281794, 3.301553, -0.958169, 0.000000, 14.000000,
-0.204943, 3.262935, -0.751495, 0.000000, 14.000000,
-0.305319, 3.448238, -0.762335, 0.000000, 14.000000,
-0.406617, 3.117760, -0.967988, 0.000000, 14.000000,
-0.281794, 3.301553, -0.958169, 0.000000, 14.000000,
-0.305319, 3.448238, -0.762335, 0.000000, 14.000000,
-0.381070, 3.131918, -0.708326, 0.000000, 14.000000,
-0.406617, 3.117760, -0.967988, 0.000000, 14.000000,
-0.305319, 3.448238, -0.762335, 0.000000, 14.000000,
-0.204943, 3.262935, -0.751495, 0.000000, 14.000000,
-0.381070, 3.131918, -0.708326, 0.000000, 14.000000,
-0.305319, 3.448238, -0.762335, 0.000000, 14.000000,
-0.200710, 2.447150, -0.747881, 0.000000, 14.000000,
-0.299338, 2.644556, -0.768839, 0.000000, 14.000000,
-0.204943, 3.262935, -0.751495, 0.000000, 14.000000,
-0.299338, 2.644556, -0.768839, 0.000000, 14.000000,
-0.381070, 3.131918, -0.708326, 0.000000, 14.000000,
-0.204943, 3.262935, -0.751495, 0.000000, 14.000000,
-0.401519, 2.465501, -0.940105, 0.000000, 14.000000,
-0.406617, 3.117760, -0.967988, 0.000000, 14.000000,
-0.381070, 3.131918, -0.708326, 0.000000, 14.000000,
-0.406617, 3.117760, -0.967988, 0.000000, 14.000000,
-0.194058, 2.670376, -0.962110, 0.000000, 14.000000,
-0.281794, 3.301553, -0.958169, 0.000000, 14.000000,
-0.194058, 2.670376, -0.962110, 0.000000, 14.000000,
-0.204943, 3.262935, -0.751495, 0.000000, 14.000000,
-0.281794, 3.301553, -0.958169, 0.000000, 14.000000,
-0.381070, 3.131918, -0.708326, 0.000000, 14.000000,
-0.299338, 2.644556, -0.768839, 0.000000, 14.000000,
-0.401519, 2.465501, -0.940105, 0.000000, 14.000000,
-0.200710, 2.447150, -0.747881, 0.000000, 14.000000,
-0.333590, 2.346234, -0.833740, 0.000000, 14.000000,
-0.299338, 2.644556, -0.768839, 0.000000, 14.000000,
-0.333590, 2.346234, -0.833740, 0.000000, 14.000000,
-0.401519, 2.465501, -0.940105, 0.000000, 14.000000,
-0.299338, 2.644556, -0.768839, 0.000000, 14.000000,
-0.333590, 2.346234, -0.833740, 0.000000, 14.000000,
-0.194058, 2.670376, -0.962110, 0.000000, 14.000000,
-0.401519, 2.465501, -0.940105, 0.000000, 14.000000,
-0.333590, 2.346234, -0.833740, 0.000000, 14.000000,
-0.200710, 2.447150, -0.747881, 0.000000, 14.000000,
-0.194058, 2.670376, -0.962110, 0.000000, 14.000000,
-0.320310, 2.471183, 0.648233, 0.000000, 14.000000,
-0.455523, 2.477976, 0.691580, 0.000000, 14.000000,
-0.311533, 2.370028, 0.891738, 0.000000, 14.000000,
-0.311533, 2.370028, 0.891738, 0.000000, 14.000000,
-0.455523, 2.477976, 0.691580, 0.000000, 14.000000,
-0.678194, 3.305999, 0.846684, 0.000000, 14.000000,
-0.311533, 2.370028, 0.891738, 0.000000, 14.000000,
-0.678194, 3.305999, 0.846684, 0.000000, 14.000000,
-0.456765, 3.234371, 0.941906, 0.000000, 14.000000,
-0.456765, 3.234371, 0.941906, 0.000000, 14.000000,
-0.678194, 3.305999, 0.846684, 0.000000, 14.000000,
-0.439052, 3.437283, 0.680806, 0.000000, 14.000000,
-0.304492, 3.136984, 0.710067, 0.000000, 14.000000,
-0.456765, 3.234371, 0.941906, 0.000000, 14.000000,
-0.439052, 3.437283, 0.680806, 0.000000, 14.000000,
-0.462870, 3.354492, 0.629961, 0.000000, 14.000000,
-0.304492, 3.136984, 0.710067, 0.000000, 14.000000,
-0.439052, 3.437283, 0.680806, 0.000000, 14.000000,
-0.439052, 3.437283, 0.680806, 0.000000, 14.000000,
-0.678194, 3.305999, 0.846684, 0.000000, 14.000000,
-0.462870, 3.354492, 0.629961, 0.000000, 14.000000,
-0.455523, 2.477976, 0.691580, 0.000000, 14.000000,
-0.333814, 2.646920, 0.734541, 0.000000, 14.000000,
-0.462870, 3.354492, 0.629961, 0.000000, 14.000000,
-0.333814, 2.646920, 0.734541, 0.000000, 14.000000,
-0.304492, 3.136984, 0.710067, 0.000000, 14.000000,
-0.462870, 3.354492, 0.629961, 0.000000, 14.000000,
-0.311533, 2.370028, 0.891738, 0.000000, 14.000000,
-0.456765, 3.234371, 0.941906, 0.000000, 14.000000,
-0.304492, 3.136984, 0.710067, 0.000000, 14.000000,
-0.455523, 2.477976, 0.691580, 0.000000, 14.000000,
-0.462870, 3.354492, 0.629961, 0.000000, 14.000000,
-0.678194, 3.305999, 0.846684, 0.000000, 14.000000,
-0.304492, 3.136984, 0.710067, 0.000000, 14.000000,
-0.333814, 2.646920, 0.734541, 0.000000, 14.000000,
-0.311533, 2.370028, 0.891738, 0.000000, 14.000000,
-0.320310, 2.471183, 0.648233, 0.000000, 14.000000,
-0.333814, 2.646920, 0.734541, 0.000000, 14.000000,
-0.455523, 2.477976, 0.691580, 0.000000, 14.000000,
-0.320310, 2.471183, 0.648233, 0.000000, 14.000000,
-0.311533, 2.370028, 0.891738, 0.000000, 14.000000,
-0.333814, 2.646920, 0.734541, 0.000000, 14.000000,
0.138515, 1.839192, -0.769866, 0.000000, 14.000000,
0.112037, 1.998559, -0.879351, 0.000000, 14.000000,
0.115874, 1.862022, -0.892740, 0.000000, 14.000000,
0.138515, 1.839192, -0.769866, 0.000000, 14.000000,
0.115874, 1.862022, -0.892740, 0.000000, 14.000000,
-0.276671, 2.252457, -0.898459, 0.000000, 14.000000,
0.138515, 1.839192, -0.769866, 0.000000, 14.000000,
-0.276671, 2.252457, -0.898459, 0.000000, 14.000000,
-0.183440, 2.265897, -0.779864, 0.000000, 14.000000,
-0.196241, 2.364308, -0.978741, 0.000000, 14.000000,
0.112037, 1.998559, -0.879351, 0.000000, 14.000000,
-0.361975, 2.613240, -0.904321, 0.000000, 14.000000,
-0.276671, 2.252457, -0.898459, 0.000000, 14.000000,
-0.196241, 2.364308, -0.978741, 0.000000, 14.000000,
-0.361975, 2.613240, -0.904321, 0.000000, 14.000000,
-0.183440, 2.265897, -0.779864, 0.000000, 14.000000,
-0.276671, 2.252457, -0.898459, 0.000000, 14.000000,
-0.361975, 2.613240, -0.904321, 0.000000, 14.000000,
-0.237503, 2.505358, -0.803057, 0.000000, 14.000000,
-0.183440, 2.265897, -0.779864, 0.000000, 14.000000,
-0.361975, 2.613240, -0.904321, 0.000000, 14.000000,
-0.361975, 2.613240, -0.904321, 0.000000, 14.000000,
0.112037, 1.998559, -0.879351, 0.000000, 14.000000,
-0.237503, 2.505358, -0.803057, 0.000000, 14.000000,
0.138515, 1.839192, -0.769866, 0.000000, 14.000000,
-0.183440, 2.265897, -0.779864, 0.000000, 14.000000,
-0.237503, 2.505358, -0.803057, 0.000000, 14.000000,
0.115874, 1.862022, -0.892740, 0.000000, 14.000000,
-0.196241, 2.364308, -0.978741, 0.000000, 14.000000,
-0.276671, 2.252457, -0.898459, 0.000000, 14.000000,
0.112037, 1.998559, -0.879351, 0.000000, 14.000000,
0.138515, 1.839192, -0.769866, 0.000000, 14.000000,
-0.237503, 2.505358, -0.803057, 0.000000, 14.000000,
0.115874, 1.862022, -0.892740, 0.000000, 14.000000,
0.112037, 1.998559, -0.879351, 0.000000, 14.000000,
-0.196241, 2.364308, -0.978741, 0.000000, 14.000000,
0.043996, 1.839192, 0.905305, 0.000000, 14.000000,
0.017519, 1.998559, 0.795820, 0.000000, 14.000000,
0.021356, 1.862022, 0.782431, 0.000000, 14.000000,
0.043996, 1.839192, 0.905305, 0.000000, 14.000000,
0.021356, 1.862022, 0.782431, 0.000000, 14.000000,
-0.371190, 2.252457, 0.776712, 0.000000, 14.000000,
0.043996, 1.839192, 0.905305, 0.000000, 14.000000,
-0.371190, 2.252457, 0.776712, 0.000000, 14.000000,
-0.277958, 2.265897, 0.895307, 0.000000, 14.000000,
-0.290760, 2.364308, 0.696431, 0.000000, 14.000000,
0.017519, 1.998559, 0.795820, 0.000000, 14.000000,
-0.456493, 2.613240, 0.770851, 0.000000, 14.000000,
-0.371190, 2.252457, 0.776712, 0.000000, 14.000000,
-0.290760, 2.364308, 0.696431, 0.000000, 14.000000,
-0.456493, 2.613240, 0.770851, 0.000000, 14.000000,
-0.277958, 2.265897, 0.895307, 0.000000, 14.000000,
-0.371190, 2.252457, 0.776712, 0.000000, 14.000000,
-0.456493, 2.613240, 0.770851, 0.000000, 14.000000,
-0.332022, 2.505358, 0.872114, 0.000000, 14.000000,
-0.277958, 2.265897, 0.895307, 0.000000, 14.000000,
-0.456493, 2.613240, 0.770851, 0.000000, 14.000000,
-0.456493, 2.613240, 0.770851, 0.000000, 14.000000,
0.017519, 1.998559, 0.795820, 0.000000, 14.000000,
-0.332022, 2.505358, 0.872114, 0.000000, 14.000000,
0.043996, 1.839192, 0.905305, 0.000000, 14.000000,
-0.277958, 2.265897, 0.895307, 0.000000, 14.000000,
-0.332022, 2.505358, 0.872114, 0.000000, 14.000000,
0.021356, 1.862022, 0.782431, 0.000000, 14.000000,
-0.290760, 2.364308, 0.696431, 0.000000, 14.000000,
-0.371190, 2.252457, 0.776712, 0.000000, 14.000000,
0.017519, 1.998559, 0.795820, 0.000000, 14.000000,
0.043996, 1.839192, 0.905305, 0.000000, 14.000000,
-0.332022, 2.505358, 0.872114, 0.000000, 14.000000,
0.021356, 1.862022, 0.782431, 0.000000, 14.000000,
0.017519, 1.998559, 0.795820, 0.000000, 14.000000,
-0.290760, 2.364308, 0.696431, 0.000000, 14.000000,
0.271616, 0.059343, -0.234617, 0.000000, 14.000000,
0.271616, 0.100287, -0.525488, 0.000000, 14.000000,
-0.271616, 0.059343, -0.525488, 0.000000, 14.000000,
-0.271616, 0.100287, 0.503129, 0.000000, 14.000000,
-0.271616, 0.059343, 0.212258, 0.000000, 14.000000,
0.271616, 0.100287, 0.212258, 0.000000, 14.000000,
0.271616, 0.059343, 0.503129, 0.000000, 14.000000,
0.271616, 0.100287, 0.212258, 0.000000, 14.000000,
-0.271616, 0.059343, 0.212258, 0.000000, 14.000000,
-0.208944, 1.181484, 0.509419, 0.000000, 14.000000,
-0.012301, 1.176692, 0.216535, 0.000000, 14.000000,
0.063033, 1.173664, 0.434376, 0.000000, 14.000000,
0.028487, 0.079809, 0.294064, 0.000000, 14.000000,
0.063033, 1.173664, 0.434376, 0.000000, 14.000000,
-0.012301, 1.176692, 0.216535, 0.000000, 14.000000,
-0.208944, 1.181484, -0.243090, 0.000000, 14.000000,
-0.012301, 1.176692, -0.535974, 0.000000, 14.000000,
0.063033, 1.173664, -0.318133, 0.000000, 14.000000,
0.028487, 0.079809, 0.294064, 0.000000, 14.000000,
-0.324258, 0.093366, 0.317504, 0.000000, 14.000000,
-0.060437, 0.083841, 0.509419, 0.000000, 14.000000,
0.028487, 0.079809, -0.458445, 0.000000, 14.000000,
0.063033, 1.173664, -0.318133, 0.000000, 14.000000,
-0.012301, 1.176692, -0.535974, 0.000000, 14.000000,
-0.383538, 1.923180, -0.210589, 0.000000, 14.000000,
-0.189699, 1.979709, -0.498175, 0.000000, 14.000000,
-0.116434, 1.972769, -0.281817, 0.000000, 14.000000,
0.028487, 0.079809, -0.458445, 0.000000, 14.000000,
-0.324258, 0.093366, -0.435005, 0.000000, 14.000000,
-0.060437, 0.083841, -0.243090, 0.000000, 14.000000,
0.018081, 1.147918, -0.477461, 0.000000, 14.000000,
-0.116434, 1.972769, -0.281817, 0.000000, 14.000000,
-0.189699, 1.979709, -0.498175, 0.000000, 14.000000,
-0.247022, 1.113918, -0.574698, 0.000000, 14.000000,
0.018081, 1.147918, -0.477461, 0.000000, 14.000000,
-0.189699, 1.979709, -0.498175, 0.000000, 14.000000,
-0.247022, 1.113918, -0.574698, 0.000000, 14.000000,
-0.070326, 1.118411, -0.276584, 0.000000, 14.000000,
0.018081, 1.147918, -0.477461, 0.000000, 14.000000,
-0.247022, 1.097666, 0.195660, 0.000000, 14.000000,
-0.070326, 1.132008, 0.491824, 0.000000, 14.000000,
0.015673, 1.140655, 0.292542, 0.000000, 14.000000,
-0.247022, 1.097666, 0.195660, 0.000000, 14.000000,
0.015673, 1.140655, 0.292542, 0.000000, 14.000000,
-0.206485, 1.963801, 0.184313, 0.000000, 14.000000,
-0.116434, 1.981542, 0.401008, 0.000000, 14.000000,
-0.466248, 1.921659, 0.378746, 0.000000, 14.000000,
-0.206485, 1.963801, 0.184313, 0.000000, 14.000000,
-0.271616, 0.100287, -0.234617, 0.000000, 14.000000,
0.271616, 0.100287, -0.525488, 0.000000, 14.000000,
0.271616, 0.059343, -0.234617, 0.000000, 14.000000,
0.271616, 0.059343, -0.234617, 0.000000, 14.000000,
-0.271616, 0.059343, -0.525488, 0.000000, 14.000000,
-0.271616, 0.100287, -0.234617, 0.000000, 14.000000,
-0.271616, 0.100287, 0.503129, 0.000000, 14.000000,
0.271616, 0.100287, 0.212258, 0.000000, 14.000000,
0.271616, 0.059343, 0.503129, 0.000000, 14.000000,
0.271616, 0.059343, 0.503129, 0.000000, 14.000000,
-0.271616, 0.059343, 0.212258, 0.000000, 14.000000,
-0.271616, 0.100287, 0.503129, 0.000000, 14.000000,
-0.208944, 1.181484, 0.509419, 0.000000, 14.000000,
-0.301002, 1.184130, 0.287712, 0.000000, 14.000000,
-0.012301, 1.176692, 0.216535, 0.000000, 14.000000,
-0.208944, 1.181484, -0.243090, 0.000000, 14.000000,
-0.301002, 1.184130, -0.464797, 0.000000, 14.000000,
-0.012301, 1.176692, -0.535974, 0.000000, 14.000000,
-0.383538, 1.923180, -0.210589, 0.000000, 14.000000,
-0.473947, 1.926592, -0.432760, 0.000000, 14.000000,
-0.189699, 1.979709, -0.498175, 0.000000, 14.000000,
-0.247022, 1.113918, -0.574698, 0.000000, 14.000000,
-0.337430, 1.081089, -0.354939, 0.000000, 14.000000,
-0.070326, 1.118411, -0.276584, 0.000000, 14.000000,
-0.247022, 1.097666, 0.195660, 0.000000, 14.000000,
-0.337430, 1.087023, 0.417603, 0.000000, 14.000000,
-0.070326, 1.132008, 0.491824, 0.000000, 14.000000,
# UVs
0.727273, 1.000000, 0.000000, 0.000000,
0.772727, 0.921269, 0.000000, 0.000000,
0.681818, 0.921269, 0.000000, 0.000000,
0.449468, 0.962587, 0.000000, 0.000000,
0.460574, 0.962686, 0.000000, 0.000000,
0.455151, 0.956057, 0.000000, 0.000000,
0.439280, 0.961797, 0.000000, 0.000000,
0.440267, 0.956683, 0.000000, 0.000000,
0.431359, 0.956683, 0.000000, 0.000000,
0.431323, 0.961797, 0.000000, 0.000000,
0.431359, 0.956683, 0.000000, 0.000000,
0.425981, 0.956038, 0.000000, 0.000000,
0.449468, 0.962587, 0.000000, 0.000000,
0.455151, 0.956057, 0.000000, 0.000000,
0.448224, 0.956683, 0.000000, 0.000000,
0.449468, 0.962587, 0.000000, 0.000000,
0.448224, 0.956683, 0.000000, 0.000000,
0.440267, 0.956683, 0.000000, 0.000000,
0.433285, 0.956683, 0.000000, 0.000000,
0.440267, 0.956683, 0.000000, 0.000000,
0.437264, 0.951460, 0.000000, 0.000000,
0.425981, 0.956038, 0.000000, 0.000000,
0.431359, 0.956683, 0.000000, 0.000000,
0.427317, 0.951460, 0.000000, 0.000000,
0.455151, 0.956057, 0.000000, 0.000000,
0.464416, 0.956038, 0.000000, 0.000000,
0.461137, 0.951460, 0.000000, 0.000000,
0.448224, 0.956683, 0.000000, 0.000000,
0.455151, 0.956057, 0.000000, 0.000000,
0.453243, 0.951460, 0.000000, 0.000000,
0.440267, 0.956683, 0.000000, 0.000000,
0.448224, 0.956683, 0.000000, 0.000000,
0.443232, 0.951460, 0.000000, 0.000000,
0.443232, 0.951460, 0.000000, 0.000000,
0.448224, 0.956683, 0.000000, 0.000000,
0.446230, 0.949760, 0.000000, 0.000000,
0.427317, 0.951460, 0.000000, 0.000000,
0.431359, 0.956683, 0.000000, 0.000000,
0.431296, 0.951460, 0.000000, 0.000000,
0.461137, 0.958352, 0.000000, 0.000000,
0.464416, 0.956038, 0.000000, 0.000000,
0.455151, 0.956057, 0.000000, 0.000000,
0.455151, 0.956057, 0.000000, 0.000000,
0.460574, 0.962686, 0.000000, 0.000000,
0.461137, 0.958352, 0.000000, 0.000000,
0.461137, 0.958352, 0.000000, 0.000000,
0.460574, 0.962686, 0.000000, 0.000000,
0.464416, 0.956038, 0.000000, 0.000000,
0.460574, 0.962686, 0.000000, 0.000000,
0.469095, 0.961797, 0.000000, 0.000000,
0.464416, 0.956038, 0.000000, 0.000000,
0.431323, 0.961797, 0.000000, 0.000000,
0.439280, 0.961797, 0.000000, 0.000000,
0.431359, 0.956683, 0.000000, 0.000000,
0.439280, 0.961797, 0.000000, 0.000000,
0.449468, 0.962587, 0.000000, 0.000000,
0.440267, 0.956683, 0.000000, 0.000000,
0.467105, 0.965243, 0.000000, 0.000000,
0.469095, 0.961797, 0.000000, 0.000000,
0.460574, 0.962686, 0.000000, 0.000000,
0.439280, 0.961797, 0.000000, 0.000000,
0.441243, 0.965243, 0.000000, 0.000000,
0.449468, 0.962587, 0.000000, 0.000000,
0.433823, 0.966066, 0.000000, 0.000000,
0.439280, 0.961797, 0.000000, 0.000000,
0.431323, 0.961797, 0.000000, 0.000000,
0.269209, 0.799399, 0.000000, 0.000000,
0.256637, 0.845596, 0.000000, 0.000000,
0.278037, 0.845596, 0.000000, 0.000000,
0.217107, 0.817228, 0.000000, 0.000000,
0.203857, 0.914000, 0.000000, 0.000000,
0.256484, 0.914000, 0.000000, 0.000000,
0.284362, 0.799399, 0.000000, 0.000000,
0.269209, 0.799399, 0.000000, 0.000000,
0.278037, 0.845596, 0.000000, 0.000000,
0.256637, 0.845596, 0.000000, 0.000000,
0.247903, 0.799399, 0.000000, 0.000000,
0.232410, 0.845596, 0.000000, 0.000000,
0.297579, 0.817228, 0.000000, 0.000000,
0.264299, 0.817228, 0.000000, 0.000000,
0.256484, 0.914000, 0.000000, 0.000000,
0.264299, 0.817228, 0.000000, 0.000000,
0.217107, 0.817228, 0.000000, 0.000000,
0.256484, 0.914000, 0.000000, 0.000000,
0.269209, 0.799399, 0.000000, 0.000000,
0.256637, 0.845596, 0.000000, 0.000000,
0.278037, 0.845596, 0.000000, 0.000000,
0.217107, 0.817228, 0.000000, 0.000000,
0.203857, 0.914000, 0.000000, 0.000000,
0.256484, 0.914000, 0.000000, 0.000000,
0.284362, 0.799399, 0.000000, 0.000000,
0.269209, 0.799399, 0.000000, 0.000000,
0.278037, 0.845596, 0.000000, 0.000000,
0.256637, 0.845596, 0.000000, 0.000000,
0.247903, 0.799399, 0.000000, 0.000000,
0.232410, 0.845596, 0.000000, 0.000000,
0.297579, 0.817228, 0.000000, 0.000000,
0.264299, 0.817228, 0.000000, 0.000000,
0.256484, 0.914000, 0.000000, 0.000000,
0.264299, 0.817228, 0.000000, 0.000000,
0.217107, 0.817228, 0.000000, 0.000000,
0.256484, 0.914000, 0.000000, 0.000000,
0.269209, 0.799399, 0.000000, 0.000000,
0.257685, 0.845596, 0.000000, 0.000000,
0.278037, 0.845596, 0.000000, 0.000000,
0.264299, 0.817228, 0.000000, 0.000000,
0.235598, 0.914000, 0.000000, 0.000000,
0.283984, 0.914000, 0.000000, 0.000000,
0.217107, 0.817228, 0.000000, 0.000000,
0.203857, 0.914000, 0.000000, 0.000000,
0.235598, 0.914000, 0.000000, 0.000000,
0.284362, 0.799399, 0.000000, 0.000000,
0.269209, 0.799399, 0.000000, 0.000000,
0.278037, 0.845596, 0.000000, 0.000000,
0.297579, 0.817228, 0.000000, 0.000000,
0.264299, 0.817228, 0.000000, 0.000000,
0.283984, 0.914000, 0.000000, 0.000000,
0.264299, 0.817228, 0.000000, 0.000000,
0.217107, 0.817228, 0.000000, 0.000000,
0.235598, 0.914000, 0.000000, 0.000000,
0.269209, 0.799399, 0.000000, 0.000000,
0.257833, 0.845596, 0.000000, 0.000000,
0.278037, 0.845596, 0.000000, 0.000000,
0.257833, 0.845596, 0.000000, 0.000000,
0.269209, 0.799399, 0.000000, 0.000000,
0.246611, 0.799399, 0.000000, 0.000000,
0.242821, 0.817228, 0.000000, 0.000000,
0.235598, 0.914000, 0.000000, 0.000000,
0.283984, 0.914000, 0.000000, 0.000000,
0.242821, 0.817228, 0.000000, 0.000000,
0.203857, 0.914000, 0.000000, 0.000000,
0.235598, 0.914000, 0.000000, 0.000000,
0.284362, 0.799399, 0.000000, 0.000000,
0.269209, 0.799399, 0.000000, 0.000000,
0.278037, 0.845596, 0.000000, 0.000000,
0.297579, 0.817228, 0.000000, 0.000000,
0.242821, 0.817228, 0.000000, 0.000000,
0.283984, 0.914000, 0.000000, 0.000000,
0.199000, 0.904268, 0.000000, 0.000000,
0.199000, 0.860537, 0.000000, 0.000000,
0.271886, 0.860537, 0.000000, 0.000000,
0.181819, 1.000000, 0.000000, 0.000000,
0.227273, 0.921269, 0.000000, 0.000000,
0.136365, 0.921269, 0.000000, 0.000000,
0.331319, 0.958380, 0.000000, 0.000000,
0.336759, 0.987153, 0.000000, 0.000000,
0.347826, 0.986824, 0.000000, 0.000000,
0.909091, 1.000000, 0.000000, 0.000000,
0.954545, 0.921269, 0.000000, 0.000000,
0.863636, 0.921269, 0.000000, 0.000000,
0.309176, 0.977405, 0.000000, 0.000000,
0.318169, 0.967656, 0.000000, 0.000000,
0.308043, 0.958166, 0.000000, 0.000000,
0.319874, 0.957907, 0.000000, 0.000000,
0.331319, 0.958380, 0.000000, 0.000000,
0.327473, 0.944744, 0.000000, 0.000000,
0.387848, 0.958657, 0.000000, 0.000000,
0.398672, 0.957907, 0.000000, 0.000000,
0.394722, 0.948158, 0.000000, 0.000000,
0.357327, 0.958364, 0.000000, 0.000000,
0.377165, 0.959691, 0.000000, 0.000000,
0.370530, 0.948158, 0.000000, 0.000000,
0.370530, 0.948158, 0.000000, 0.000000,
0.381787, 0.948158, 0.000000, 0.000000,
0.376158, 0.938409, 0.000000, 0.000000,
0.370530, 0.948158, 0.000000, 0.000000,
0.377165, 0.959691, 0.000000, 0.000000,
0.381787, 0.948158, 0.000000, 0.000000,
0.377165, 0.959691, 0.000000, 0.000000,
0.387848, 0.958657, 0.000000, 0.000000,
0.381787, 0.948158, 0.000000, 0.000000,
0.398672, 0.957907, 0.000000, 0.000000,
0.410079, 0.958166, 0.000000, 0.000000,
0.394722, 0.948158, 0.000000, 0.000000,
0.302988, 0.948158, 0.000000, 0.000000,
0.308043, 0.958166, 0.000000, 0.000000,
0.312274, 0.944744, 0.000000, 0.000000,
0.308043, 0.958166, 0.000000, 0.000000,
0.319874, 0.957907, 0.000000, 0.000000,
0.312274, 0.944744, 0.000000, 0.000000,
0.327473, 0.944744, 0.000000, 0.000000,
0.331319, 0.958380, 0.000000, 0.000000,
0.336759, 0.948158, 0.000000, 0.000000,
0.331319, 0.958380, 0.000000, 0.000000,
0.357327, 0.958364, 0.000000, 0.000000,
0.336759, 0.948158, 0.000000, 0.000000,
0.387848, 0.958657, 0.000000, 0.000000,
0.398763, 0.977248, 0.000000, 0.000000,
0.398672, 0.957907, 0.000000, 0.000000,
0.398763, 0.977248, 0.000000, 0.000000,
0.410079, 0.958166, 0.000000, 0.000000,
0.398672, 0.957907, 0.000000, 0.000000,
0.318169, 0.967656, 0.000000, 0.000000,
0.319874, 0.957907, 0.000000, 0.000000,
0.308043, 0.958166, 0.000000, 0.000000,
0.318169, 0.967656, 0.000000, 0.000000,
0.331319, 0.958380, 0.000000, 0.000000,
0.319874, 0.957907, 0.000000, 0.000000,
0.357327, 0.958364, 0.000000, 0.000000,
0.358131, 0.977405, 0.000000, 0.000000,
0.377165, 0.959691, 0.000000, 0.000000,
0.358131, 0.977405, 0.000000, 0.000000,
0.379720, 0.977405, 0.000000, 0.000000,
0.377165, 0.959691, 0.000000, 0.000000,
0.377165, 0.959691, 0.000000, 0.000000,
0.379720, 0.977405, 0.000000, 0.000000,
0.387848, 0.958657, 0.000000, 0.000000,
0.379720, 0.977405, 0.000000, 0.000000,
0.398763, 0.977248, 0.000000, 0.000000,
0.387848, 0.958657, 0.000000, 0.000000,
0.398763, 0.977248, 0.000000, 0.000000,
0.417498, 0.977405, 0.000000, 0.000000,
0.410079, 0.958166, 0.000000, 0.000000,
0.309176, 0.977405, 0.000000, 0.000000,
0.331319, 0.958380, 0.000000, 0.000000,
0.318169, 0.967656, 0.000000, 0.000000,
0.331319, 0.958380, 0.000000, 0.000000,
0.347826, 0.986824, 0.000000, 0.000000,
0.357327, 0.958364, 0.000000, 0.000000,
0.347826, 0.986824, 0.000000, 0.000000,
0.358131, 0.977405, 0.000000, 0.000000,
0.357327, 0.958364, 0.000000, 0.000000,
0.359273, 0.987153, 0.000000, 0.000000,
0.370530, 0.987153, 0.000000, 0.000000,
0.358131, 0.977405, 0.000000, 0.000000,
0.370530, 0.987153, 0.000000, 0.000000,
0.379720, 0.977405, 0.000000, 0.000000,
0.358131, 0.977405, 0.000000, 0.000000,
0.381787, 0.987153, 0.000000, 0.000000,
0.393044, 0.987153, 0.000000, 0.000000,
0.379720, 0.977405, 0.000000, 0.000000,
0.393044, 0.987153, 0.000000, 0.000000,
0.398763, 0.977248, 0.000000, 0.000000,
0.379720, 0.977405, 0.000000, 0.000000,
0.404301, 0.987153, 0.000000, 0.000000,
0.417498, 0.977405, 0.000000, 0.000000,
0.398763, 0.977248, 0.000000, 0.000000,
0.404301, 0.987153, 0.000000, 0.000000,
0.415558, 0.987153, 0.000000, 0.000000,
0.417498, 0.977405, 0.000000, 0.000000,
0.318182, 0.921269, 0.000000, 0.000000,
0.363637, 1.000000, 0.000000, 0.000000,
0.409092, 0.921269, 0.000000, 0.000000,
0.314245, 0.987153, 0.000000, 0.000000,
0.325502, 0.987153, 0.000000, 0.000000,
0.309176, 0.977405, 0.000000, 0.000000,
0.325502, 0.987153, 0.000000, 0.000000,
0.331319, 0.958380, 0.000000, 0.000000,
0.309176, 0.977405, 0.000000, 0.000000,
0.240975, 0.787541, 0.000000, 0.000000,
0.398716, 0.928802, 0.000000, 0.000000,
0.332080, 0.787881, 0.000000, 0.000000,
0.909091, 1.000000, 0.000000, 0.000000,
0.987353, 0.864445, 0.000000, 0.000000,
0.840979, 0.882025, 0.000000, 0.000000,
0.387415, 0.996902, 0.000000, 0.000000,
0.391616, 0.982294, 0.000000, 0.000000,
0.381787, 0.987153, 0.000000, 0.000000,
0.348266, 0.986721, 0.000000, 0.000000,
0.368340, 0.983361, 0.000000, 0.000000,
0.353143, 0.958873, 0.000000, 0.000000,
0.391616, 0.982294, 0.000000, 0.000000,
0.409710, 0.969004, 0.000000, 0.000000,
0.388934, 0.958058, 0.000000, 0.000000,
0.348266, 0.986721, 0.000000, 0.000000,
0.353143, 0.958873, 0.000000, 0.000000,
0.344781, 0.968667, 0.000000, 0.000000,
0.388934, 0.958058, 0.000000, 0.000000,
0.409710, 0.969004, 0.000000, 0.000000,
0.394283, 0.947460, 0.000000, 0.000000,
0.045455, 0.606349, 0.000000, 0.000000,
0.065922, 0.728359, 0.000000, 0.000000,
0.194329, 0.671528, 0.000000, 0.000000,
0.326761, 0.950338, 0.000000, 0.000000,
0.353143, 0.958873, 0.000000, 0.000000,
0.331131, 0.938409, 0.000000, 0.000000,
0.378819, 0.968947, 0.000000, 0.000000,
0.388934, 0.958058, 0.000000, 0.000000,
0.358423, 0.946685, 0.000000, 0.000000,
0.140641, 0.800213, 0.000000, 0.000000,
0.194329, 0.671528, 0.000000, 0.000000,
0.065922, 0.728359, 0.000000, 0.000000,
0.240975, 0.787541, 0.000000, 0.000000,
0.332080, 0.787881, 0.000000, 0.000000,
0.194329, 0.671528, 0.000000, 0.000000,
0.344781, 0.968667, 0.000000, 0.000000,
0.353143, 0.958873, 0.000000, 0.000000,
0.326761, 0.950338, 0.000000, 0.000000,
0.353143, 0.958873, 0.000000, 0.000000,
0.378819, 0.968947, 0.000000, 0.000000,
0.358423, 0.946685, 0.000000, 0.000000,
0.353143, 0.958873, 0.000000, 0.000000,
0.368340, 0.983361, 0.000000, 0.000000,
0.378819, 0.968947, 0.000000, 0.000000,
0.378819, 0.968947, 0.000000, 0.000000,
0.391616, 0.982294, 0.000000, 0.000000,
0.388934, 0.958058, 0.000000, 0.000000,
0.140641, 0.800213, 0.000000, 0.000000,
0.240975, 0.787541, 0.000000, 0.000000,
0.194329, 0.671528, 0.000000, 0.000000,
0.381787, 0.987153, 0.000000, 0.000000,
0.391616, 0.982294, 0.000000, 0.000000,
0.378819, 0.968947, 0.000000, 0.000000,
0.840979, 0.882025, 0.000000, 0.000000,
0.987353, 0.864445, 0.000000, 0.000000,
0.955448, 0.762246, 0.000000, 0.000000,
0.200423, 0.967777, 0.000000, 0.000000,
0.240975, 0.787541, 0.000000, 0.000000,
0.140641, 0.800213, 0.000000, 0.000000,
0.409032, 0.977405, 0.000000, 0.000000,
0.396715, 0.951657, 0.000000, 0.000000,
0.388352, 0.959529, 0.000000, 0.000000,
0.680794, 0.919495, 0.000000, 0.000000,
0.699642, 0.748288, 0.000000, 0.000000,
0.566184, 0.791152, 0.000000, 0.000000,
0.353685, 0.821862, 0.000000, 0.000000,
0.566184, 0.791152, 0.000000, 0.000000,
0.440871, 0.700471, 0.000000, 0.000000,
0.348016, 0.948158, 0.000000, 0.000000,
0.359273, 0.948158, 0.000000, 0.000000,
0.353644, 0.938409, 0.000000, 0.000000,
0.370530, 0.948158, 0.000000, 0.000000,
0.376158, 0.957907, 0.000000, 0.000000,
0.381059, 0.946898, 0.000000, 0.000000,
0.376158, 0.957907, 0.000000, 0.000000,
0.388352, 0.959529, 0.000000, 0.000000,
0.381059, 0.946898, 0.000000, 0.000000,
0.325502, 0.948158, 0.000000, 0.000000,
0.339523, 0.952945, 0.000000, 0.000000,
0.331131, 0.938409, 0.000000, 0.000000,
0.325502, 0.948158, 0.000000, 0.000000,
0.324922, 0.962141, 0.000000, 0.000000,
0.339523, 0.952945, 0.000000, 0.000000,
0.566184, 0.791152, 0.000000, 0.000000,
0.522861, 0.645945, 0.000000, 0.000000,
0.440871, 0.700471, 0.000000, 0.000000,
0.311735, 0.972003, 0.000000, 0.000000,
0.324922, 0.962141, 0.000000, 0.000000,
0.305070, 0.964049, 0.000000, 0.000000,
0.340265, 0.975961, 0.000000, 0.000000,
0.339523, 0.952945, 0.000000, 0.000000,
0.324922, 0.962141, 0.000000, 0.000000,
0.396715, 0.951657, 0.000000, 0.000000,
0.409032, 0.977405, 0.000000, 0.000000,
0.415558, 0.967656, 0.000000, 0.000000,
0.409032, 0.977405, 0.000000, 0.000000,
0.421186, 0.977405, 0.000000, 0.000000,
0.415558, 0.967656, 0.000000, 0.000000,
0.311735, 0.972003, 0.000000, 0.000000,
0.319972, 0.977575, 0.000000, 0.000000,
0.324922, 0.962141, 0.000000, 0.000000,
0.319972, 0.977575, 0.000000, 0.000000,
0.340265, 0.975961, 0.000000, 0.000000,
0.324922, 0.962141, 0.000000, 0.000000,
0.570225, 0.919914, 0.000000, 0.000000,
0.566184, 0.791152, 0.000000, 0.000000,
0.353685, 0.821862, 0.000000, 0.000000,
0.680794, 0.919495, 0.000000, 0.000000,
0.762865, 0.938353, 0.000000, 0.000000,
0.699642, 0.748288, 0.000000, 0.000000,
0.762865, 0.938353, 0.000000, 0.000000,
0.818182, 0.842539, 0.000000, 0.000000,
0.699642, 0.748288, 0.000000, 0.000000,
0.406743, 0.987153, 0.000000, 0.000000,
0.421186, 0.977405, 0.000000, 0.000000,
0.409032, 0.977405, 0.000000, 0.000000,
0.353685, 0.821862, 0.000000, 0.000000,
0.318182, 0.921269, 0.000000, 0.000000,
0.409092, 0.921269, 0.000000, 0.000000,
0.318182, 0.921269, 0.000000, 0.000000,
0.363637, 1.000000, 0.000000, 0.000000,
0.409092, 0.921269, 0.000000, 0.000000,
0.314245, 0.987153, 0.000000, 0.000000,
0.319972, 0.977575, 0.000000, 0.000000,
0.311735, 0.972003, 0.000000, 0.000000,
0.327876, 0.975111, 0.000000, 0.000000,
0.352630, 0.987952, 0.000000, 0.000000,
0.339839, 0.958404, 0.000000, 0.000000,
0.308617, 0.977405, 0.000000, 0.000000,
0.327876, 0.975111, 0.000000, 0.000000,
0.299014, 0.960772, 0.000000, 0.000000,
0.313021, 0.957907, 0.000000, 0.000000,
0.339839, 0.958404, 0.000000, 0.000000,
0.325502, 0.948158, 0.000000, 0.000000,
0.299014, 0.960772, 0.000000, 0.000000,
0.313021, 0.957907, 0.000000, 0.000000,
0.302988, 0.948158, 0.000000, 0.000000,
0.727273, 0.685079, 0.000000, 0.000000,
0.818182, 0.685079, 0.000000, 0.000000,
0.777706, 0.606349, 0.000000, 0.000000,
0.339839, 0.958404, 0.000000, 0.000000,
0.385182, 0.959272, 0.000000, 0.000000,
0.370530, 0.948158, 0.000000, 0.000000,
0.352630, 0.987952, 0.000000, 0.000000,
0.372282, 0.975848, 0.000000, 0.000000,
0.339839, 0.958404, 0.000000, 0.000000,
0.372282, 0.975848, 0.000000, 0.000000,
0.385182, 0.959272, 0.000000, 0.000000,
0.339839, 0.958404, 0.000000, 0.000000,
0.409726, 0.977248, 0.000000, 0.000000,
0.408117, 0.960772, 0.000000, 0.000000,
0.385182, 0.959272, 0.000000, 0.000000,
0.299014, 0.960772, 0.000000, 0.000000,
0.327876, 0.975111, 0.000000, 0.000000,
0.313021, 0.957907, 0.000000, 0.000000,
0.327876, 0.975111, 0.000000, 0.000000,
0.339839, 0.958404, 0.000000, 0.000000,
0.313021, 0.957907, 0.000000, 0.000000,
0.385182, 0.959272, 0.000000, 0.000000,
0.372282, 0.975848, 0.000000, 0.000000,
0.409726, 0.977248, 0.000000, 0.000000,
0.385001, 0.992720, 0.000000, 0.000000,
0.393044, 0.987153, 0.000000, 0.000000,
0.372282, 0.975848, 0.000000, 0.000000,
0.393044, 0.987153, 0.000000, 0.000000,
0.409726, 0.977248, 0.000000, 0.000000,
0.372282, 0.975848, 0.000000, 0.000000,
0.314245, 0.987153, 0.000000, 0.000000,
0.327876, 0.975111, 0.000000, 0.000000,
0.308617, 0.977405, 0.000000, 0.000000,
0.314245, 0.987153, 0.000000, 0.000000,
0.322478, 0.992391, 0.000000, 0.000000,
0.327876, 0.975111, 0.000000, 0.000000,
0.319874, 0.996902, 0.000000, 0.000000,
0.326622, 0.984098, 0.000000, 0.000000,
0.311870, 0.983039, 0.000000, 0.000000,
0.311870, 0.983039, 0.000000, 0.000000,
0.335747, 0.982589, 0.000000, 0.000000,
0.315546, 0.958546, 0.000000, 0.000000,
0.311870, 0.983039, 0.000000, 0.000000,
0.315546, 0.958546, 0.000000, 0.000000,
0.298042, 0.959088, 0.000000, 0.000000,
0.298042, 0.959088, 0.000000, 0.000000,
0.315546, 0.958546, 0.000000, 0.000000,
0.302988, 0.948158, 0.000000, 0.000000,
0.384802, 0.959528, 0.000000, 0.000000,
0.405945, 0.959088, 0.000000, 0.000000,
0.393044, 0.948158, 0.000000, 0.000000,
0.545455, 0.685079, 0.000000, 0.000000,
0.636364, 0.685079, 0.000000, 0.000000,
0.640454, 0.554555, 0.000000, 0.000000,
0.302988, 0.948158, 0.000000, 0.000000,
0.315546, 0.958546, 0.000000, 0.000000,
0.314245, 0.948158, 0.000000, 0.000000,
0.335747, 0.982589, 0.000000, 0.000000,
0.372717, 0.975870, 0.000000, 0.000000,
0.333854, 0.954380, 0.000000, 0.000000,
0.372717, 0.975870, 0.000000, 0.000000,
0.384802, 0.959528, 0.000000, 0.000000,
0.333854, 0.954380, 0.000000, 0.000000,
0.400259, 0.983006, 0.000000, 0.000000,
0.405945, 0.959088, 0.000000, 0.000000,
0.384802, 0.959528, 0.000000, 0.000000,
0.335747, 0.982589, 0.000000, 0.000000,
0.333854, 0.954380, 0.000000, 0.000000,
0.315546, 0.958546, 0.000000, 0.000000,
0.384802, 0.959528, 0.000000, 0.000000,
0.372717, 0.975870, 0.000000, 0.000000,
0.400259, 0.983006, 0.000000, 0.000000,
0.500000, 0.921269, 0.000000, 0.000000,
0.531522, 0.818407, 0.000000, 0.000000,
0.454546, 0.842539, 0.000000, 0.000000,
0.384516, 0.991880, 0.000000, 0.000000,
0.400259, 0.983006, 0.000000, 0.000000,
0.372717, 0.975870, 0.000000, 0.000000,
0.319874, 0.996902, 0.000000, 0.000000,
0.325945, 0.982961, 0.000000, 0.000000,
0.314245, 0.987153, 0.000000, 0.000000,
0.371786, 0.982393, 0.000000, 0.000000,
0.415672, 0.976696, 0.000000, 0.000000,
0.405224, 0.959366, 0.000000, 0.000000,
0.371786, 0.982393, 0.000000, 0.000000,
0.405224, 0.959366, 0.000000, 0.000000,
0.384887, 0.960330, 0.000000, 0.000000,
0.311130, 0.958953, 0.000000, 0.000000,
0.325945, 0.982961, 0.000000, 0.000000,
0.325502, 0.948158, 0.000000, 0.000000,
0.297360, 0.957907, 0.000000, 0.000000,
0.311130, 0.958953, 0.000000, 0.000000,
0.306721, 0.948158, 0.000000, 0.000000,
0.384887, 0.960330, 0.000000, 0.000000,
0.405224, 0.959366, 0.000000, 0.000000,
0.397668, 0.948158, 0.000000, 0.000000,
0.368567, 0.951558, 0.000000, 0.000000,
0.384887, 0.960330, 0.000000, 0.000000,
0.381787, 0.948158, 0.000000, 0.000000,
0.325502, 0.948158, 0.000000, 0.000000,
0.325945, 0.982961, 0.000000, 0.000000,
0.355429, 0.951250, 0.000000, 0.000000,
0.371786, 0.982393, 0.000000, 0.000000,
0.384887, 0.960330, 0.000000, 0.000000,
0.355429, 0.951250, 0.000000, 0.000000,
0.309448, 0.974015, 0.000000, 0.000000,
0.311130, 0.958953, 0.000000, 0.000000,
0.297360, 0.957907, 0.000000, 0.000000,
0.336856, 0.977456, 0.000000, 0.000000,
0.371786, 0.982393, 0.000000, 0.000000,
0.355429, 0.951250, 0.000000, 0.000000,
0.309448, 0.974015, 0.000000, 0.000000,
0.325945, 0.982961, 0.000000, 0.000000,
0.311130, 0.958953, 0.000000, 0.000000,
0.319874, 0.996902, 0.000000, 0.000000,
0.325945, 0.982961, 0.000000, 0.000000,
0.313914, 0.986246, 0.000000, 0.000000,
0.371786, 0.982393, 0.000000, 0.000000,
0.415672, 0.976696, 0.000000, 0.000000,
0.405224, 0.959366, 0.000000, 0.000000,
0.371786, 0.982393, 0.000000, 0.000000,
0.405224, 0.959366, 0.000000, 0.000000,
0.384887, 0.960330, 0.000000, 0.000000,
0.311130, 0.958953, 0.000000, 0.000000,
0.325945, 0.982961, 0.000000, 0.000000,
0.325502, 0.948158, 0.000000, 0.000000,
0.297360, 0.957907, 0.000000, 0.000000,
0.311130, 0.958953, 0.000000, 0.000000,
0.306721, 0.948158, 0.000000, 0.000000,
0.384887, 0.960330, 0.000000, 0.000000,
0.405224, 0.959366, 0.000000, 0.000000,
0.397668, 0.948158, 0.000000, 0.000000,
0.368567, 0.951558, 0.000000, 0.000000,
0.384887, 0.960330, 0.000000, 0.000000,
0.381787, 0.948158, 0.000000, 0.000000,
0.325502, 0.948158, 0.000000, 0.000000,
0.325945, 0.982961, 0.000000, 0.000000,
0.355429, 0.951250, 0.000000, 0.000000,
0.371786, 0.982393, 0.000000, 0.000000,
0.384887, 0.960330, 0.000000, 0.000000,
0.355429, 0.951250, 0.000000, 0.000000,
0.313914, 0.986246, 0.000000, 0.000000,
0.311130, 0.958953, 0.000000, 0.000000,
0.297360, 0.957907, 0.000000, 0.000000,
0.336856, 0.977456, 0.000000, 0.000000,
0.371786, 0.982393, 0.000000, 0.000000,
0.355429, 0.951250, 0.000000, 0.000000,
0.313914, 0.986246, 0.000000, 0.000000,
0.325945, 0.982961, 0.000000, 0.000000,
0.311130, 0.958953, 0.000000, 0.000000,
0.235410, 0.845596, 0.000000, 0.000000,
0.243110, 0.822498, 0.000000, 0.000000,
0.273908, 0.822498, 0.000000, 0.000000,
0.199000, 0.904268, 0.000000, 0.000000,
0.199000, 0.860537, 0.000000, 0.000000,
0.242732, 0.860537, 0.000000, 0.000000,
0.235410, 0.845596, 0.000000, 0.000000,
0.243110, 0.822498, 0.000000, 0.000000,
0.273908, 0.822498, 0.000000, 0.000000,
0.207172, 0.850795, 0.000000, 0.000000,
0.227520, 0.885600, 0.000000, 0.000000,
0.234062, 0.859705, 0.000000, 0.000000,
0.256637, 0.845596, 0.000000, 0.000000,
0.269209, 0.799399, 0.000000, 0.000000,
0.247903, 0.799399, 0.000000, 0.000000,
0.207172, 0.850795, 0.000000, 0.000000,
0.227520, 0.885600, 0.000000, 0.000000,
0.234062, 0.859705, 0.000000, 0.000000,
0.950519, 0.831153, 0.000000, 0.000000,
0.597893, 0.778329, 0.000000, 0.000000,
0.847296, 0.556265, 0.000000, 0.000000,
0.256637, 0.845596, 0.000000, 0.000000,
0.269209, 0.799399, 0.000000, 0.000000,
0.247903, 0.799399, 0.000000, 0.000000,
0.152704, 0.556265, 0.000000, 0.000000,
0.374100, 0.932472, 0.000000, 0.000000,
0.443735, 0.652704, 0.000000, 0.000000,
0.950519, 0.831153, 0.000000, 0.000000,
0.597893, 0.778329, 0.000000, 0.000000,
0.847296, 0.556265, 0.000000, 0.000000,
0.257685, 0.845596, 0.000000, 0.000000,
0.269209, 0.799399, 0.000000, 0.000000,
0.247985, 0.799399, 0.000000, 0.000000,
0.232410, 0.845596, 0.000000, 0.000000,
0.257685, 0.845596, 0.000000, 0.000000,
0.247985, 0.799399, 0.000000, 0.000000,
0.253369, 0.886595, 0.000000, 0.000000,
0.271348, 0.850795, 0.000000, 0.000000,
0.281468, 0.874808, 0.000000, 0.000000,
0.652704, 0.943735, 0.000000, 0.000000,
0.847296, 0.556265, 0.000000, 0.000000,
0.957705, 0.814050, 0.000000, 0.000000,
0.232410, 0.845596, 0.000000, 0.000000,
0.257833, 0.845596, 0.000000, 0.000000,
0.246611, 0.799399, 0.000000, 0.000000,
0.443735, 0.652704, 0.000000, 0.000000,
0.100157, 0.714841, 0.000000, 0.000000,
0.354456, 0.940726, 0.000000, 0.000000,
0.199000, 0.904268, 0.000000, 0.000000,
0.271886, 0.860537, 0.000000, 0.000000,
0.242732, 0.904268, 0.000000, 0.000000,
0.235410, 0.845596, 0.000000, 0.000000,
0.273908, 0.822498, 0.000000, 0.000000,
0.273908, 0.845596, 0.000000, 0.000000,
0.199000, 0.904268, 0.000000, 0.000000,
0.242732, 0.860537, 0.000000, 0.000000,
0.257309, 0.904268, 0.000000, 0.000000,
0.235410, 0.845596, 0.000000, 0.000000,
0.273908, 0.822498, 0.000000, 0.000000,
0.273908, 0.845596, 0.000000, 0.000000,
0.207172, 0.850795, 0.000000, 0.000000,
0.198261, 0.877684, 0.000000, 0.000000,
0.227520, 0.885600, 0.000000, 0.000000,
0.207172, 0.850795, 0.000000, 0.000000,
0.198261, 0.877684, 0.000000, 0.000000,
0.227520, 0.885600, 0.000000, 0.000000,
0.152704, 0.556265, 0.000000, 0.000000,
0.056265, 0.847296, 0.000000, 0.000000,
0.374100, 0.932472, 0.000000, 0.000000,
0.253369, 0.886595, 0.000000, 0.000000,
0.244459, 0.859705, 0.000000, 0.000000,
0.271348, 0.850795, 0.000000, 0.000000,
0.652704, 0.943735, 0.000000, 0.000000,
0.556265, 0.652704, 0.000000, 0.000000,
0.847296, 0.556265, 0.000000, 0.000000,
